0.0000022856
-0.0000853006
-0.0002355810
0.0004257723
-0.0006952003
-0.0002399027
0.0001831853
-0.0002019099
0.0000775048
0.0000738929
-0.0002333123
-0.0000527724
0.1781038940
0.2646249831
0.0603075400
0.5187535882
0.4730598032
0.9833062887
0.9069912434
-0.3400728106
0.0278453305
-0.5429489017
0.3282832503
-0.2482753843
-0.0093701109
0.0100248102
-0.2334082127
0.1349351853
-0.0073137297
0.0569479279
-0.0075747501
-0.0882521644
-0.1521292329
-0.1300027221
0.0715725571
-0.0000641764
-0.0267721042
0.0419141240
0.0614242963
0.1050542593
0.0149713578
0.1241915822
0.2456469834
-0.1037255824
0.2745396495
-0.0735618770
-0.0243836418
-0.0710599646
0.0080250651
-0.0199826378
0.3511873782
-0.1700666249
-0.0347391963
-0.0804523602
0.0487547703
0.1159186661
0.3085069060
0.1640804857
-0.1279076934
-0.0287784077
0.0000143800
0.0000584874
-0.0000405220
-0.0001066880
0.0002635008
0.0001109664
-0.0002710088
0.0000821229
-0.0001109775
-0.0001587817
0.0002235988
0.0000639139
-0.1670379490
-0.2874889374
0.0001901865
0.0946428850
-0.5159679055
-0.1293397993
-0.3566927910
-0.0859696791
0.0038288743
-0.5009553432
-0.4287410676
0.0672201887
-0.0000204296
-0.0001126528
-0.0002443747
0.0005184170
-0.0009261126
-0.0003427778
0.0002615239
-0.0002579478
0.0000670654
0.0000997740
-0.0003626688
-0.0000774591
0.1171070561
0.6887429953
0.3515567482
-0.1991946846
-0.1295267642
-0.0614070185
0.7017601728
-0.8485521078
0.0196407419
-0.5881735682
-0.2606923878
0.3378509581
-0.3625169992
0.2801736891
0.2532401383
0.3178295493
-0.0754465684
-0.3987672925
-0.4302375913
-1.1188164949
-0.0983498991
0.1146982685
-0.4275489151
-0.0341362618
0.4059460759
0.5275793672
-0.1886346340
-0.3631026745
-0.0013503032
-0.3889965415
0.1300405860
-0.1643623859
-1.1995748281
0.1092770100
0.3297139704
0.5204316974
0.2124507278
0.6937952638
-0.6981187463
-0.2467515469
-0.2632231116
-0.2132490575
-0.1486607194
-0.6864426732
1.1612206697
-0.1233520135
0.2926646471
0.3323956430
-0.0000164878
0.0000431298
0.0002901335
-0.0004239706
0.0006363878
0.0002110369
-0.0000155521
0.0001658919
-0.0000124350
0.0000346964
0.0001158227
0.0000119711
0.0000082263
0.0000788046
0.0002975107
-0.0005411903
0.0009305615
0.0003370528
-0.0001414037
0.0002516505
-0.0000348975
-0.0000467242
0.0002941416
0.0000501119
-0.3603333831
0.3898542523
0.5359581709
-0.4994712770
-0.2311393470
-0.3801999390
-0.3466811478
-1.1211463213
-0.0592921525
0.1834968776
0.3902754486
0.2420098484
0.0000025909
-0.0000786169
-0.0001750630
0.0003259845
-0.0005200109
-0.0001759305
0.0001801725
-0.0001582423
0.0000839443
0.0000817410
-0.0001900226
-0.0000505976
0.0006667820
0.5558841825
-0.0496597551
-0.2504963875
0.0564331710
-0.0002623913
0.6671509743
0.0009083620
0.1510950476
0.1282243729
0.3337509632
0.4525855184
-0.0006150206
-0.0009109507
-0.1847500354
0.0004940286
0.0000761582
-0.3963976204
0.3358388245
-0.0115908897
-0.5162845850
-0.0000035110
0.4534269273
0.0001205247
-0.1134644002
0.0552305765
0.5776612163
0.4671975076
-0.0000599058
-0.0000854674
-0.4666693509
0.0000622071
0.0004285494
-0.0925098062
0.0245188251
0.0865133032
-0.0070338761
-0.0001330051
0.1782634258
0.0005518215
0.7285363674
1.2599534988
-0.5803939700
-0.3625313938
-0.0004092338
-0.0005643266
0.8788860440
0.0003229074
-0.0002121900
0.2265372425
-0.0624220632
0.2574128509
0.1618053466
-0.0000180953
0.1250296682
-0.0002581867
-0.8796239495
-0.5822791457
0.7402634621
0.4952821434
0.0002823074
0.0003185461
-1.1346371174
-0.0001407410
0.8417265415
1.1630589962
-1.4706456661
1.7260357141

0.0008069188
0.0009145613
-0.0039428072
-0.0141581418
0.0087173218
0.0000869220
-0.0068583074
0.0002127508
-0.0027392346
-0.0028901349
-0.0039264779
-0.0038821830
-0.2730917633
0.0939923525
0.1266383380
0.0659167394
-0.5176130533
0.5293291211
0.1124498397
-0.2096904665
0.5691139698
-0.5216472149
0.9456516504
-0.6731548309
0.0000066763
0.0000111221
-0.0000372137
-0.0000762736
0.0000639942
0.0000120714
-0.0000111077
-0.0000207907
-0.0000056525
-0.0000357389
-0.0000311588
-0.0000462665
-0.0014699845
-0.0013173957
0.0100373691
0.0452043377
-0.0255349427
0.0004765482
0.0226365179
-0.0039641550
0.0109240450
0.0034594177
0.0126030184
0.0085609099
-0.0005453189
-0.0008418741
0.0026762350
0.0076250969
-0.0049014688
-0.0003597265
0.0030482903
0.0007231231
0.0012224155
0.0024942853
0.0022366571
0.0028453479
0.0000250766
0.0000509445
-0.0001131720
-0.0002222731
0.0001996335
0.0000385026
-0.0000573488
-0.0000600042
-0.0000164653
-0.0001073096
-0.0000814063
-0.0001355525
0.1226287782
-0.2167460322
0.3659043610
-0.0215360112
-0.0772436261
-0.0297297407
-0.1041947305
0.4744736254
0.2873846591
0.2092751116
0.4303116500
0.3535890877
-0.0005614078
-0.0008896015
0.0028231358
0.0080987839
-0.0051694796
-0.0003708494
0.0032451982
0.0007625332
0.0012985094
0.0026683307
0.0023883712
0.0030030201
0.3529868126
0.2337688059
0.1476852745
-0.2864064872
-0.4776780605
0.1695376337
0.4530780017
-0.7079101801
-0.0721362829
-1.3003553152
0.0537616052
0.3445289135
-0.2406544238
0.0084905112
0.5110411048
-0.1420270950
-0.7756910324
-0.3471876383
-0.6173358560
-1.1751303673
0.1822957397
0.4468045235
-0.2541047037
-0.2560220957
0.2992346883
0.2989229858
-0.6100932956
-0.3589698970
-0.6350772381
-0.0294536743
-0.1382382512
0.4818375707
-1.0811287165
-0.1473252922
-0.0278934054
0.4382825792
0.0230145603
0.1936030835
0.0259325504
-0.7948120832
-0.7124007344
-0.3279386163
0.3393634856
0.1837343425
1.5881749392
-0.4874882400
0.0687054321
0.5502827764
-0.0008466545
-0.0009501569
0.0041821366
0.0153144579
-0.0093847578
-0.0000677873
0.0074705044
-0.0003716490
0.0030048548
0.0029292838
0.0042392812
0.0040882151
0.0000332647
0.0000780951
-0.0002008001
-0.0004439280
0.0003594374
0.0000651942
-0.0000994707
-0.0000970765
-0.0000288325
-0.0001857099
-0.0001742338
-0.0002494139
-0.1741826832
0.1492512226
0.6580460668
-0.1634749472
-0.5753895044
-0.3965431750
-0.0383143052
-1.2729823589
0.2418603301
0.0371058024
0.1415085942
0.5578608513
-0.0008646938
-0.0010304265
0.0047583026
0.0172736514
-0.0104138255
-0.0000460479
0.0083524277
-0.0003902619
0.0036943143
0.0032723560
0.0049859020
0.0046853931
0.0068560624
0.3195511401
0.0000242365
-0.0257687960
-0.0028879559
0.0000723563
0.7121935487
-0.0030672995
0.6094173193
-0.0849592462
0.4381045997
0.1639847308
-0.0076062502
0.0001538366
-0.4794735909
-0.0084327543
0.0175843444
-0.5467147827
0.0000794281
-0.0528233051
-0.0101134246
0.0002337776
-0.6054562330
-0.0107568977
0.2906936407
0.0570838898
0.5948737264
-0.3964992464
-0.0189415626
0.0004497331
-0.3002457321
-0.0215924866
0.0003316644
-0.5656394362
-0.0000184425
0.0018107612
0.0000807537
-0.0000517322
0.0261111055
0.0000841920
0.7338585258
1.0850073099
-0.9236886501
-0.6850346923
-0.0003407393
-0.0000893014
0.5858430862
-0.0002880023
0.0009310078
0.3533308506
0.0000127486
-0.0009324315
-0.0008788407
0.0000358502
-0.2598892152
-0.0009256847
-0.4545219839
-0.6795465946
0.6997280121
0.7532122135
-0.0009173810
0.0000703791
-1.1755534410
-0.0009331167
1.0613647699
1.1478171349
-1.6965166330
1.7371602058

0.0000010308
-0.0000065875
0.0000714394
0.0001988763
-0.0001901027
0.0000524905
0.0000708207
0.0000008580
0.0000277652
-0.0000011057
-0.0000873869
0.0000342245
-0.1141787618
0.1154726446
0.1314435601
0.2963228524
-0.3257438838
0.6049642563
0.1239237040
-0.0490848683
0.4832982123
-0.5490432382
0.6314868331
-0.7105440497
-0.0000230041
-0.0000056955
-0.0001662925
-0.0003873120
0.0002772843
-0.0000767010
-0.0001083853
-0.0000892513
-0.0000828779
-0.0000389416
0.0000638208
-0.0000846820
0.0000147184
0.0000054166
0.0001051083
0.0002575236
-0.0002013247
0.0000582810
0.0000805979
0.0000420465
0.0000467696
0.0000158687
-0.0000619737
0.0000513809
0.0000003350
-0.0000007010
0.0000048101
0.0000175458
-0.0000229063
0.0000075366
0.0000080045
-0.0000032884
0.0000004601
-0.0000003098
-0.0000134759
0.0000024810
-0.0000123246
-0.0000048417
-0.0000874124
-0.0002187242
0.0001777607
-0.0000520956
-0.0000710323
-0.0000297964
-0.0000370843
-0.0000106540
0.0000596110
-0.0000420744
0.0424067713
-0.2074138671
0.3040685952
-0.0392563306
-0.2077990472
0.0168414470
-0.1641412675
0.3616853654
0.2112563848
-0.0146336891
0.2686689496
0.1723652631
-0.0000070313
-0.0000010889
-0.0000608379
-0.0001600926
0.0001427332
-0.0000407391
-0.0000546346
-0.0000126445
-0.0000243028
-0.0000040508
0.0000549802
-0.0000287918
0.2751641273
0.1737419814
0.2800596952
-0.0476701744
-0.3439935446
0.0147677241
0.3854138255
-0.7442457080
-0.1365376264
-0.9299471378
0.0535539985
0.4109081328
-0.3000334799
0.0068689557
0.4510061443
-0.0724803731
-0.5832847953
-0.2895661592
-0.5856773853
-1.1844537258
0.1019799635
0.4362073839
-0.3388576210
-0.1885050535
0.2327387184
0.2855395079
-0.4772094190
-0.3016966581
-0.7005084157
-0.0288963038
-0.1671420634
0.2390788198
-1.1662586927
-0.1622852981
0.0919464901
0.5734180212
-0.0307790060
0.2199423164
0.0755190104
-0.6726405025
-0.6650179029
-0.3524838686
0.3156259358
0.0381615832
1.5778939724
-0.5112299919
0.0929713249
0.5405572653
-0.0000008203
0.0000068514
-0.0000720198
-0.0002007714
0.0001921616
-0.0000530312
-0.0000715738
-0.0000004944
-0.0000279761
0.0000012770
0.0000887032
-0.0000345092
0.0000043764
-0.0000023199
0.0000638311
0.0001726278
-0.0001599076
0.0000446461
0.0000600085
0.0000074409
0.0000252502
0.0000018422
-0.0000672625
0.0000304319
-0.2853145599
0.2021331340
0.7126833797
-0.1276919693
-0.6300987601
-0.3824359179
-0.1039465293
-1.2909278870
0.2432338744
0.0307507459
0.1226856485
0.4778845608
0.0000016312
0.0000004016
0.0000090389
0.0000307955
-0.0000379906
0.0000123358
0.0000131336
-0.0000018037
0.0000016551
0.0000008973
-0.0000191791
0.0000040570
-0.0000936677
0.3073042929
0.0000883993
-0.0000747533
-0.0000119239
0.0000687939
0.5916844606
0.0000601136
0.4016412199
-0.2750731111
0.4372826517
0.2884882092
0.0000950583
-0.0000727828
-0.3300310373
-0.0000175048
-0.0002261912
-0.5556284189
0.0004734048
-0.0003030669
-0.0000192390
0.0002537172
-0.3107985556
0.0001816671
0.1298238784
-0.1158570871
0.4268894196
-0.2899995744
0.0002283717
-0.0001961016
-0.1654342562
-0.0000333318
0.0000227635
-0.4451688826
-0.0000260581
0.0000242867
0.0000035621
-0.0000228784
0.0069336258
-0.0000186506
0.7951257825
1.0890394449
-0.8488179445
-0.6419455409
-0.0000229525
0.0000199057
0.5893512368
0.0000059326
0.0000022267
0.3758120537
0.0000205824
-0.0000098218
0.0000010618
0.0000071554
-0.1447543651
0.0000026167
-0.4449441731
-0.4949456155
0.6902978420
0.7441288233
-0.0000023967
-0.0000005138
-1.3064271212
0.0000009544
0.9094012976
0.8282681108
-1.6694926023
1.7134412527

-0.0025722673
-0.0027361095
0.0047361460
0.0212475713
-0.0116948644
0.0014798912
0.0065344828
-0.0004196196
0.0050800908
0.0009034638
0.0010410174
0.0051722974
-0.2805528939
0.0911462978
0.1209130958
0.0374613181
-0.5297466516
0.5284299254
0.1369406432
-0.1992924809
0.5678423047
-0.5076645613
0.9302297831
-0.6687259078
0.0022158499
0.0023930159
-0.0040910835
-0.0171414725
0.0095287645
-0.0010576139
-0.0053765615
0.0001506267
-0.0039857216
-0.0007679646
-0.0008717673
-0.0042681918
0.0014950791
0.0018403104
-0.0031540291
-0.0125416722
0.0067972844
-0.0007689111
-0.0036631713
-0.0002571243
-0.0028350949
-0.0006842995
-0.0007667058
-0.0033729039
0.0030287260
0.0030834770
-0.0062645827
-0.0301058795
0.0170239359
-0.0023309144
-0.0105438707
0.0015820998
-0.0083683114
-0.0011216442
-0.0029538777
-0.0066665700
-0.0007052785
-0.0010896412
0.0020042213
0.0083335703
-0.0046637831
0.0006670893
0.0023246629
0.0002660204
0.0022097060
0.0004277251
0.0007338796
0.0022808320
0.1175428629
-0.2108401209
0.3664226234
-0.0336146653
-0.0569090918
-0.0043822895
-0.1076242104
0.4809685051
0.2966905832
0.2059178352
0.4279317856
0.3288297355
-0.0006447240
-0.0010329946
0.0019271336
0.0080997115
-0.0045103864
0.0006749913
0.0022308496
0.0002676929
0.0021918239
0.0004421247
0.0007349611
0.0022269681
0.3435982466
0.2339680344
0.1566191018
-0.2856038809
-0.4869560599
0.1625964046
0.4630040526
-0.7056538463
-0.0708194226
-1.2949256897
0.0690816194
0.3526597917
-0.2389032692
0.0079399766
0.5058882236
-0.1360071599
-0.7680311799
-0.3418878019
-0.6253011227
-1.1585575342
0.1837296635
0.4452902675
-0.2376707494
-0.2421870530
0.3001863658
0.3064426482
-0.6054617167
-0.3364113271
-0.6355472207
-0.0338510908
-0.1575668156
0.4606055319
-1.0747432709
-0.1472968012
-0.0265989676
0.4524474740
0.0226618201
0.1917723864
0.0199427381
-0.8109019995
-0.7097224593
-0.3318859041
0.3452574909
0.1882895976
1.5766603947
-0.4907654226
0.0635023639
0.5620942116
-0.0004456075
-0.0005998277
0.0009600244
0.0049759396
-0.0035654672
0.0004291151
0.0013800098
-0.0000209974
0.0015124179
0.0000148029
0.0000497517
0.0011319206
-0.0041537993
-0.0040310449
0.0119621744
0.0567118824
-0.0315193981
0.0026833536
0.0237798020
-0.0036366777
0.0168438870
0.0039850860
0.0112391580
0.0107834022
-0.1679189801
0.1480822563
0.6422988176
-0.1794002801
-0.5777740479
-0.3962758183
-0.0341058969
-1.2622413635
0.2414207160
0.0320954844
0.1196738854
0.5532681942
-0.0032547375
-0.0033421332
0.0074401922
0.0363294631
-0.0204207953
0.0027303279
0.0132297948
-0.0021701187
0.0106617985
0.0015217393
0.0045738448
0.0078029698
-0.0087807151
0.3076753914
0.0066664140
0.0036460431
0.0143907806
-0.0017192180
0.6974754333
-0.0016268216
0.6147312522
-0.0781569779
0.4429054260
0.1717399061
-0.0011800562
-0.0298009720
-0.4969985485
-0.0178632941
-0.0237515569
-0.5326324105
0.0194095820
0.0143243810
0.0339505710
-0.0095940251
-0.5962550044
-0.0093095582
0.2788281143
0.0270289909
0.6022771001
-0.3993962407
-0.0056639155
-0.0655728802
-0.2709825337
-0.0412356965
0.0005151903
-0.5730244517
0.0000097276
0.0005075837
-0.0021170748
-0.0005350832
-0.0020854757
-0.0005158353
0.7248378992
1.0904071331
-0.9230588078
-0.6836822629
-0.0004592444
0.0042273174
0.6059275866
0.0030522533
0.0035070984
0.3512950838
-0.0028985366
-0.0023355919
-0.0036443474
0.0018288962
-0.2555696070
0.0017897257
-0.4468662739
-0.6727416515
0.6977196932
0.7608077526
0.0018876140
0.0023086932
-1.1930217743
0.0036032964
1.0621966124
1.1248875856
-1.6954228878
1.7521336079
