1.816166043281555176e+00
-1.769755244255065918e+00
-3.931803226470947266e+00
-9.306863546371459961e-01
6.849443316459655762e-01
9.374973773956298828e-01
7.521722316741943359e-01
3.043055057525634766e+00
-2.319381952285766602e+00
8.765864372253417969e-01
7.516934275627136230e-01
9.695056080818176270e-01
3.481071853637695312e+01
-1.866769409179687500e+01
1.019574642181396484e+01
-9.894549846649169922e-01
-8.322247266769409180e-01
-8.483923077583312988e-01
6.383236646652221680e-01
-1.507209587097167969e+01
5.193393230438232422e+00
2.693842411041259766e+00
-6.349545121192932129e-01
3.958007693290710449e-01
-3.469776535034179688e+01
2.536484909057617188e+01
-6.666545271873474121e-01
-7.074420899152755737e-02
1.843795529566705227e-03
1.212252974510192871e+00
4.912067949771881104e-01
1.506220054626464844e+01
1.933651715517044067e-01
-5.134680747985839844e+00
7.188821434974670410e-01
-2.189519405364990234e+00
-1.628603172302246094e+01
3.889016151428222656e+00
-1.904647636413574219e+01
3.994805812835693359e-01
2.171750307083129883e+00
1.976427793502807617e+00
5.808053612709045410e-01
1.278044700622558594e+01
3.057298898696899414e+00
-2.417128801345825195e+00
2.933725833892822266e+00
5.866062641143798828e+00
-1.795336723327636719e+01
1.159105777740478516e+01
-1.632770347595214844e+01
4.246324062347412109e+00
6.325733661651611328e-02
1.861092567443847656e+00
1.097690820693969727e+00
2.198866462707519531e+01
-1.955162167549133301e+00
-1.169696044921875000e+01
4.694101810455322266e+00
9.218274354934692383e-01
-1.797530937194824219e+01
1.376994037628173828e+01
4.272544384002685547e+00
-1.280392408370971680e-01
-9.526262283325195312e-01
-1.699928402900695801e+00
-7.078641653060913086e-01
1.465613007545471191e+00
2.907720506191253662e-01
-1.967817425727844238e+00
-1.448148250579833984e+00
-2.079916149377822876e-01
-5.220570564270019531e-01
1.615371823310852051e+00
1.773347854614257812e+00
-2.860854387283325195e+00
8.127560615539550781e-01
4.413768351078033447e-01
2.374294847249984741e-01
-3.180617094039916992e+00
-3.592630624771118164e-01
2.801114559173583984e+00
-3.364912748336791992e+00
-2.339578628540039062e+00
1.868036150932312012e+00
6.845722198486328125e+00
8.944332003593444824e-01
7.893465757369995117e-01
-5.205001235008239746e-01
-2.067667722702026367e+00
-7.192978262901306152e-01
4.897169113159179688e+00
-7.527019381523132324e-01
-2.424932003021240234e+00
-1.367805480957031250e+00
3.380100727081298828e+00
1.341844654083251953e+01
-6.688758373260498047e+00
-8.034693002700805664e-01
-9.804517626762390137e-01
1.053925395011901855e+00
1.868024230003356934e+00
1.138508200645446777e+00
4.189816951751708984e+00
-1.646654486656188965e+00
-4.955685883760452271e-02
3.340285420417785645e-01
-7.292323708534240723e-01
-1.073806381225585938e+01
1.458652305603027344e+01
1.364607143402099609e+01
5.151272773742675781e+00
2.750077009201049805e+00
-2.166944265365600586e+00
-1.939530253410339355e+00
-1.307207202911376953e+01
1.139412879943847656e+01
1.702630996704101562e+01
1.367609024047851562e+01
1.050349712371826172e+00
-2.037625122070312500e+01
2.505436134338378906e+01
1.254245376586914062e+01
-1.602570898830890656e-02
1.303109079599380493e-01
-7.731541991233825684e-02
-1.176950812339782715e+00
1.536524009704589844e+01
2.122274413704872131e-02
-5.835470676422119141e+00
-3.046700477600097656e+00
-2.086955785751342773e+00
-1.226804828643798828e+01
9.827710151672363281e+00
2.560703754425048828e+00
7.399184703826904297e-01
-2.732211053371429443e-01
-7.215088605880737305e-01
-1.233882188796997070e+00
5.551379203796386719e+00
-3.443987846374511719e+00
-3.759720325469970703e+00
-7.190284729003906250e-01
-3.439330756664276123e-01
-1.408426761627197266e+01
1.093351483345031738e+00
7.469360351562500000e+00
-6.641304492950439453e-01
8.670860290527343750e+00
-9.059280395507812500e+00
-4.904673099517822266e+00
-1.610279846191406250e+01
6.963192749023437500e+01
-4.032083129882812500e+01
-5.184662818908691406e+00
-7.023859977722167969e+00
2.647083282470703125e+01
-1.841431808471679688e+01
-4.881307601928710938e+00
-6.688949584960937500e+00
1.225801706314086914e+00
4.553823947906494141e+00
6.330272197723388672e+00
6.266893386840820312e+01
-7.858386993408203125e+01
-3.419665908813476562e+01
3.054848670959472656e+00
1.203607320785522461e+00
-1.251667213439941406e+01
4.172576904296875000e+00
-4.355163097381591797e+00
3.136605620384216309e-01
7.441310286521911621e-01
9.650477170944213867e-01
-2.530679106712341309e-01
6.659817695617675781e+00
4.652781486511230469e+00
7.392061948776245117e-01
4.898627400398254395e-01
-1.433685421943664551e+00
-9.321150779724121094e+00
1.118809700012207031e+01
-4.023398399353027344e+00
1.295704960823059082e+00
3.363935351371765137e-01
3.086278676986694336e+00
8.821086287498474121e-01
-5.069696903228759766e+00
-6.477149486541748047e+00
4.096844196319580078e+00
2.480402708053588867e+00
2.177240610122680664e+00
-8.211417198181152344e-01
-4.357672214508056641e+00
-2.610484957695007324e-01
-1.921267509460449219e+00
1.606795787811279297e+00
-4.587645232677459717e-01
1.462046205997467041e-01
5.376369953155517578e-01
3.656545877456665039e+00
-3.532557189464569092e-01
-2.225536257028579712e-01
8.077862858772277832e-01
4.818920135498046875e+00
-1.088058054447174072e-01
-4.412828445434570312e+00
-8.591731071472167969e+00
-3.172679185867309570e+00
6.957949995994567871e-01
-4.141022861003875732e-01
1.396682262420654297e-01
4.475890845060348511e-02
9.090287685394287109e-01
3.045231699943542480e-01
-1.730509996414184570e-01
-5.579549670219421387e-01
-3.366284817457199097e-02
-1.756337136030197144e-01
1.612803190946578979e-01
-6.782065629959106445e-01
-1.991123519837856293e-02
-6.656044721603393555e-01
1.547143906354904175e-01
-1.155662298202514648e+00
2.874109268188476562e+00
1.303899645805358887e+00
4.851144552230834961e-01
-4.704367160797119141e+00
6.028240203857421875e+00
-5.625055789947509766e+00
-1.310447007417678833e-01
-6.978183746337890625e+00
-1.389798879623413086e+00
-2.067748069763183594e+00
1.167143154144287109e+01
-7.908637523651123047e+00
5.024861335754394531e+00
9.050781250000000000e+00
7.761326313018798828e+00
2.376107215881347656e+00
1.128576509654521942e-02
3.865883648395538330e-01
-2.333435863256454468e-01
2.157689183950424194e-01
-4.781635701656341553e-01
-2.012866735458374023e-01
1.536486148834228516e-01
2.765611886978149414e+00
-1.797865033149719238e-01
3.730721473693847656e-01
-4.945209026336669922e-01
-1.208126425743103027e+00
-3.417208492755889893e-01
5.582496523857116699e-01
-3.257382214069366455e-01
4.491354525089263916e-01
2.291898429393768311e-01
4.154644012451171875e-01
3.269359702244400978e-03
3.750004246830940247e-02
-1.255418539047241211e+00
-1.899452954530715942e-01
1.512367278337478638e-01
1.322747170925140381e-01
2.420004643499851227e-02
1.883039176464080811e-01
-5.370872616767883301e-01
-5.314447730779647827e-02
-1.038223430514335632e-01
5.573046803474426270e-01
-2.063626199960708618e-01
-3.338090896606445312e+00
-1.831372070312500000e+01
4.200103580951690674e-01
-1.622899413108825684e+00
-8.067377209663391113e-01
2.637249827384948730e-01
3.220090568065643311e-01
1.024846434593200684e+00
3.579467833042144775e-01
