-2.1930165291
-2.8908739090
-11.6637449265
-1.2940359116
-0.4433876276
1.2212206125
2.6528232098
7.2914237976
-1.3131529093
-0.5287024975
0.8855665326
0.8679615259
-1.0978026390
2.6168911457
4.9158482552
0.7221094966
-0.6710911393
-2.7915043831
-2.1755039692
-6.5713405609
3.1144540310
-0.5292005539
-0.4577341676
1.8350299597
-18.6780605316
9.8241443634
-1.1409394741
-1.5512100458
1.2560433149
3.4235737324
0.8015978336
4.2379703522
-0.4067907631
-0.5168132782
-0.3951860964
-5.2264323235
-10.8868331909
-30.4055938721
9.6266689301
-2.4134111404
1.8739174604
18.4179630280
9.9450368881
42.1484718323
40.8362922668
-2.8033137321
16.1777629852
-33.2065277100
12.0711879730
3.7955853939
30.0630664825
-13.3403959274
1.6145417690
-1.7456368208
5.9109711647
-1.2614003420
-4.6491551399
-22.4896106720
9.0633535385
-17.2830028534
-13.4099378586
9.3817415237
4.8823046684
-1.6580212116
-0.4477980435
-1.9332537651
-1.4080653191
-3.9412419796
1.5608237982
-0.1339138746
-0.9225113392
1.0989528894
-17.4225196838
13.5854330063
7.1082534790
-3.5739803314
0.4235362411
1.0215387344
4.2124156952
-0.4952771068
1.2280987501
1.3503214121
-6.9216151237
-3.6905333996
7.4734449387
-6.6135773659
-11.7360115051
5.4014039040
-0.0143573126
2.9701707363
1.8462197781
11.2633085251
-5.1402735710
4.3754978180
-1.4580168724
0.2928108573
-0.4056201577
-0.8430722952
-11.7725324631
-3.0753295422
0.9560645819
1.0859396458
2.9034531116
13.8557548523
2.2708041668
-2.7341852188
5.7613673210
3.1924107075
-12.0315990448
9.8776569366
35.8644065857
20.7807407379
-0.9054728150
-11.3706865311
-3.7300391197
-15.5368003845
35.2767105103
6.6680569649
8.1343965530
4.5499072075
7.1014380455
7.8793902397
19.9043769836
1.2288265228
0.4282975495
-1.2160289288
-1.9891180992
0.3419319987
0.2434090823
-2.0201463699
-1.5003386736
-0.7687857151
-1.0909627676
-4.6139340401
25.1001720428
-7.6409969330
-0.8774811029
-5.4678487778
2.4039919376
-14.9191284180
-0.9832729697
6.1402788162
-3.1991961002
-10.1799001694
-14.4179496765
0.4461276829
-16.9563846588
-9.4129257202
2.9630498886
3.9658136368
-8.2414875031
-24.2248020172
63.2978668213
18.2743434906
-27.9367427826
-21.2267074585
14.9591541290
-11.0707511902
-0.1957812160
-0.1497635692
-16.6093807220
12.4522809982
19.1744556427
15.3636646271
-98.9999389648
-13.1875162125
-5.2500853539
-13.9325075150
3.4210252762
-4.6498274803
-3.5493960381
-0.9911964536
0.5812458992
1.6072968245
1.4792586565
0.3807269037
2.2920076847
1.4320188761
1.0199832916
-0.3175991178
1.0430878401
13.0360040665
26.3151988983
-2.6347200871
0.5850415826
1.6371953487
-1.5453819036
0.5657308698
-4.1827797890
-0.0465827137
5.9151339531
-2.3366811275
-1.0522352457
-4.0576987267
0.2034967840
-6.2240004539
-1.5212752819
-0.8110390306
-0.9005208611
2.8558282852
1.7205193043
1.6981616020
-0.0820311233
-3.3389050961
5.1384396553
0.8722551465
-2.0976822376
-2.1009798050
-4.6373915672
0.7059044242
-0.2584003210
0.0259631202
0.0478454977
1.4534031153
0.1210272312
-0.2886105776
-0.3703403175
0.2346069962
-0.2448473126
0.0507474355
-0.9705532193
0.6672145724
0.2902800143
0.0485347137
-1.1049938202
4.0301699638
1.5541390181
-0.7369273305
-1.9097355604
5.2369709015
-7.3038945198
-0.7386543751
-3.1896274090
-2.1984117031
-3.2939059734
16.0017871857
-11.9957103729
3.7384495735
9.6134548187
5.9460601807
1.4258910418
-2.6231682301
0.2370733321
-0.0436911806
0.2716470063
-0.1823249459
-0.2381065488
0.3464984596
3.3516261578
-2.2246530056
0.5428428054
-0.0932835415
-3.7577285767
-0.7435586452
2.3613920212
-0.1960302293
0.6871576309
0.3749750257
0.3362343311
-0.1359589994
0.1557496786
-0.6117781997
-0.3403845429
0.2540850341
-0.0739934891
0.1718004644
0.6004302502
-0.1452919394
0.2016989142
0.0927525833
1.1559925079
-0.5140026212
-4.3207225800
-16.4585552216
2.4024989605
-0.7447431087
-1.0557997227
0.4372571409
0.3421511352
0.9485737681
0.1948971003
