-1.185878878459334373e-03
-7.938805501908063889e-04
1.106036012060940266e-03
5.459242383949458599e-04
1.526999869383871555e-03
-1.099460874684154987e-03
1.784951455192640424e-04
-1.054680673405528069e-03
-4.433116700965911150e-04
-2.061489969491958618e-03
1.288535888306796551e-03
-3.002441488206386566e-03
7.559444056823849678e-04
5.228862282820045948e-04
-9.509013034403324127e-04
-9.296295320382341743e-05
-1.178947975859045982e-03
1.023993245325982571e-03
-1.274435635423287749e-04
5.859741941094398499e-04
2.578824060037732124e-04
1.217139419168233871e-03
-1.034154673106968403e-03
2.323992317542433739e-03
-5.284220678731799126e-04
-3.705575945787131786e-04
7.567981374450027943e-04
-1.509638241259381175e-05
8.813787717372179031e-04
-8.377179037779569626e-04
1.022250798996537924e-04
-3.780124534387141466e-04
-1.575852220412343740e-04
-8.019725210033357143e-04
7.462496287189424038e-04
-1.755112316459417343e-03
-1.299915893469005823e-04
-2.510650956537574530e-04
4.415875300765037537e-04
-3.036927373614162207e-04
7.389895472442731261e-05
4.797641304321587086e-04
-2.888129383791238070e-04
1.488281413912773132e-04
6.287580617936328053e-05
-9.217657498084008694e-05
2.593437675386667252e-04
6.589582335436716676e-05
1.778920181095600128e-03
1.191333401948213577e-03
-1.445696107111871243e-03
-1.179130282253026962e-03
-1.783977961167693138e-03
1.082849455997347832e-03
-1.720296422718092799e-04
1.897778129205107689e-03
5.745788221247494221e-04
3.612234024330973625e-03
-2.060441300272941589e-03
4.420149605721235275e-03
-2.897513844072818756e-02
-6.362885236740112305e-02
-2.168583683669567108e-02
-5.778786726295948029e-04
2.531211450695991516e-02
-6.194179505109786987e-02
5.218696594238281250e-02
7.124287635087966919e-02
5.136886239051818848e-01
1.106851026415824890e-01
-4.210142791271209717e-02
6.812520325183868408e-02
-5.157249793410301208e-02
-1.597836315631866455e-01
-2.559951879084110260e-02
8.776708692312240601e-02
4.038343578577041626e-02
-1.315858662128448486e-01
-2.699718810617923737e-02
7.858365774154663086e-02
-5.396518111228942871e-01
-1.592341959476470947e-01
-1.220093593001365662e-01
1.095521897077560425e-01
1.597441136837005615e-01
1.454780995845794678e-01
-4.541035369038581848e-02
-1.797737181186676025e-01
-6.728083640336990356e-02
-9.978078305721282959e-03
-1.735223829746246338e-02
3.832547366619110107e-02
-3.340893089771270752e-01
1.725938916206359863e-01
2.307364530861377716e-02
4.986982420086860657e-02
-7.578707486391067505e-02
2.539986371994018555e-01
3.952686488628387451e-01
-1.036717370152473450e-01
1.798639595508575439e-01
-7.393615692853927612e-02
2.561403512954711914e-01
-1.000074744224548340e+00
-3.596602752804756165e-02
1.018121093511581421e-02
-1.752000302076339722e-01
1.435089111328125000e-01
-2.144325971603393555e-01
-1.186569407582283020e-01
4.259271919727325439e-01
-6.175898015499114990e-02
-1.310300976037979126e-01
-4.958349093794822693e-02
-3.937782645225524902e-01
-1.043593168258666992e+00
-3.003819845616817474e-02
9.432523697614669800e-02
-3.235404193401336670e-02
-9.460862725973129272e-02
-2.066057026386260986e-01
2.577624022960662842e-01
1.209634020924568176e-01
-3.064344823360443115e-01
-5.358499474823474884e-03
-3.094632029533386230e-01
-2.318471074104309082e-01
-6.525111794471740723e-01
-1.504345774650573730e+00
-1.066827401518821716e-01
-1.981086730957031250e-01
2.290946990251541138e-01
-2.496829330921173096e-01
2.577498853206634521e-01
2.161065042018890381e-01
-3.421895503997802734e-01
1.237891390919685364e-01
-3.365859985351562500e-01
-1.928638517856597900e-01
-5.324789285659790039e-01
1.322861313819885254e+00
2.877544611692428589e-02
-9.893354773521423340e-02
2.284231334924697876e-01
1.286049955524504185e-03
8.596499683335423470e-04
-1.171178417280316353e-03
-6.346066365949809551e-04
-1.587679376825690269e-03
1.114577054977416992e-03
-1.787595247151330113e-04
1.185836270451545715e-03
4.712636873591691256e-04
2.302870387211441994e-03
-1.421311055310070515e-03
3.246700391173362732e-03
1.186965033411979675e-03
7.941281655803322792e-04
-1.093947561457753181e-03
-5.601304583251476288e-04
-1.525071216747164726e-03
1.089429017156362534e-03
-1.814333809306845069e-04
1.053761341609060764e-03
4.466836981009691954e-04
2.057389589026570320e-03
-1.263851183466613293e-03
2.972844988107681274e-03
-1.273656785488128662e-01
-1.830491572618484497e-01
2.806979119777679443e-01
-2.245137542486190796e-01
-9.851051121950149536e-02
-5.478673577308654785e-01
-2.635578513145446777e-01
-9.105766415596008301e-01
-3.465219959616661072e-02
3.474580049514770508e-01
-2.895090878009796143e-01
1.279932260513305664e-01
2.760977251455187798e-03
1.933869323693215847e-03
-1.889877952635288239e-03
-2.495049498975276947e-03
-1.951868645846843719e-03
8.241168688982725143e-04
-9.008476627059280872e-05
3.339002840220928192e-03
6.838989211246371269e-04
6.370136979967355728e-03
-3.089903621003031731e-03
6.423687096685171127e-03
-4.657707642763853073e-03
3.410112112760543823e-03
-2.469312632456421852e-03
-4.194291832391172647e-04
7.072330918163061142e-03
2.876595593988895416e-02
1.419740915298461914e-01
2.604284286499023438e-01
-1.637196242809295654e-01
-5.406338572502136230e-01
1.587681472301483154e-01
-2.788213193416595459e-01
5.075328517705202103e-03
4.616489168256521225e-03
-9.001073986291885376e-02
1.052225939929485321e-02
1.471790717914700508e-03
-5.563015583902597427e-04
2.635473792906850576e-04
3.746935544768348336e-05
-2.746386453509330750e-03
-9.656175225973129272e-02
3.070306777954101562e-01
-2.781357169151306152e-01
1.690082401037216187e-01
3.307982981204986572e-01
2.935037016868591309e-01
-6.305504590272903442e-02
-1.666778582148253918e-03
-1.491106580942869186e-03
1.593204885721206665e-01
-5.122532602399587631e-03
-8.652264659758657217e-05
4.620925028575584292e-05
-1.939194771694019437e-05
6.098528319853357971e-05
1.329866208834573627e-04
3.930316567420959473e-01
-3.690075576305389404e-01
-2.117301672697067261e-01
6.664376258850097656e-01
8.257647156715393066e-01
-2.770970165729522705e-01
-6.201636195182800293e-01
9.697341738501563668e-05
8.501770935254171491e-05
1.006066560745239258e+00
1.476008910685777664e-04
-5.145725444890558720e-04
3.354704240337014198e-04
-2.054538927040994167e-04
-9.934441186487674713e-05
7.223751163110136986e-04
4.715690910816192627e-01
-4.411644041538238525e-01
-2.212246954441070557e-01
-6.946052312850952148e-01
-8.247690200805664062e-01
7.245099544525146484e-01
3.050261139869689941e-01
5.573717062361538410e-04
5.124820163473486900e-04
-8.632169961929321289e-01
9.025013423524796963e-04
-7.023494839668273926e-01
6.467508673667907715e-01
-1.658111691474914551e+00
1.652121186256408691e+00
